# import dialog event

NAVQRY <--54308  0400 b1010f00                                                                  ....
     # send: BUFFER DATABASE 
NAVQRY -->54308  0800 05000f00 00000000                                                         ........
     # recv: EVENT WAYPOINT 
                 0800 45000f00 00000000                                                         E.......
     # recv: EVENT ROUTE 
                 0800 85000f00 00000000                                                         ........
     # recv: EVENT GROUP 


# add 5



NAVQRY <--54308  0400 b1010f00                                                                  ....
     # send: BUFFER DATABASE 
NAVQRY <--54308  0400 b1010f00                                                                  ....
     # send: BUFFER DATABASE 
NAVQRY <--54308  0800 0d010f00 68070000                                                         ....h...
     # send: SPACE DATABASE 
NAVQRY -->54308  0c00 09000f00 68070000 00000000                                                ....h.......
     # recv: COUNT DATABASE number=0

NAVQRY <--54308  1000 03010f00 69070000 eeeeeeee eeee0110                                       ....i...........
     # send: ITEM WAYPOINT eeeeeeeeeeee0110
NAVQRY -->54308  0c00 06000f00 69070000 030b0480                                                ....i.......
     # recv: DATA WAYPOINT failed

NAVQRY <--54308  1900 0c010f00 6a070000 506f7061 30000000 d0881900 834ec260 c0                  ....j...Popa0........N.`.
     # send: FIND WAYPOINT 'Popa0'
NAVQRY -->54308  1400 08000f00 6a070000 030b0480 00000000 00000000                              ....j...............
     # recv: UUID WAYPOINT failed

NAVQRY <--54308  1000 07010f00 6b070000 eeeeeeee eeee0110                                       ....k...........
     # send: MODIFY WAYPOINT eeeeeeeeeeee0110
NAVQRY <--54308  1400 00020f00 6b070000 eeeeeeee eeee0110 01000000                              ....k...............
     # info: CONTEXT WAYPOINT eeeeeeeeeeee0110 bits(01)
NAVQRY <--54308  4100 01020f00 6b070000 35000000 9e449005 ecdbface c16a9f06 ad4a84c5 00000000   ....k...5....D.......j...J......
                      00000000 00000000 02010000 000000a5 21010087 4f000500 00000000 506f7061   ................!...O.......Popa
                      30                                                                        0
     # info: BUFFER WAYPOINT 350000009e449005 bits(ec)
NAVQRY <--54308  1000 02020f00 6b070000 eeeeeeee eeee0110                                       ....k...........
     # info: LIST WAYPOINT 
NAVQRY -->54308  0c00 03000f00 6b070000 00000400                                                ....k.......
     # recv: ITEM WAYPOINT ok 
                 1000 07000f00 eeeeeeee eeee0110 00000000                                       ................
     # recv: MODIFY WAYPOINT eeeeeeeeeeee0110 bits(00)

NAVQRY <--54308  1000 03010f00 6c070000 eeeeeeee eeee0110                                       ....l...........
     # send: ITEM WAYPOINT eeeeeeeeeeee0110
NAVQRY -->54308  0c00 06000f00 6c070000 00000400                                                ....l.......
     # recv: DATA WAYPOINT ok 
                 1400 00020f00 6c070000 eeeeeeee eeee0110 01000000                              ....l...............
     # info: CONTEXT WAYPOINT eeeeeeeeeeee0110 bits(01)
                 4100 01020f00 6c070000 35000000 9e449005 ecdbface c16a9f06 ad4a84c5 00000000   ....l...5....D.......j...J......
                      00000000 00000000 02010000 000000a5 21010087 4f000500 00000000 506f7061   ................!...O.......Popa
                      30                                                                        0
     # info: BUFFER WAYPOINT ITEM
                 1000 02020f00 6c070000 eeeeeeee eeee0110                                       ....l...........
     # info: LIST WAYPOINT 

NAVQRY <--54308  1000 03010f00 6d070000 eeeeeeee eeee0110                                       ....m...........
     # send: ITEM WAYPOINT eeeeeeeeeeee0110
NAVQRY -->54308  0c00 06000f00 6d070000 00000400                                                ....m.......
     # recv: DATA WAYPOINT ok 
                 1400 00020f00 6d070000 eeeeeeee eeee0110 01000000                              ....m...............
     # info: CONTEXT WAYPOINT eeeeeeeeeeee0110 bits(01)
                 4100 01020f00 6d070000 35000000 9e449005 ecdbface c16a9f06 ad4a84c5 00000000   ....m...5....D.......j...J......
                      00000000 00000000 02010000 000000a5 21010087 4f000500 00000000 506f7061   ................!...O.......Popa
                      30                                                                        0
     # info: BUFFER WAYPOINT ITEM
                 1000 02020f00 6d070000 eeeeeeee eeee0110                                       ....m...........
     # info: LIST WAYPOINT 

NAVQRY <--54308  1900 8c010f00 6e070000 506f7061 47726f75 7000f504 b805f504 44                  ....n...PopaGroup.......D
     # send: FIND GROUP 'PopaGroup'
NAVQRY -->54308  1400 88000f00 6e070000 030b0480 00000000 00000000                              ....n...............
     # recv: UUID GROUP failed

NAVQRY <--54308  0800 8e010f00 6f070000                                                         ....o...
     # send: DELETE GROUP 
NAVQRY -->54308  0c00 8a000f00 6f070000 01000000                                                ....o.......
     # recv: AVERB GROUP failed

NAVQRY <--54308  1000 87010f00 70070000 db8299ee f567e68e                                       ....p........g..
     # send: MODIFY GROUP db8299eef567e68e
NAVQRY <--54308  1400 00020f00 70070000 db8299ee f567e68e 03000000                              ....p........g......
     # info: CONTEXT GROUP db8299eef567e68e bits(03)
NAVQRY <--54308  2100 01020f00 70070000 15000000 09000100 506f7061 47726f75 70eeeeee eeeeee01   ....p...........PopaGroup.......
                      10                                                                        .
     # info: BUFFER GROUP 1500000009000100 bits(50)
NAVQRY <--54308  1000 02020f00 70070000 db8299ee f567e68e                                       ....p........g..
     # info: LIST GROUP 
NAVQRY -->54308  0c00 83000f00 70070000 00000400                                                ....p.......
     # recv: ITEM GROUP ok 
                 1000 07000f00 eeeeeeee eeee0110 02000000                                       ................
     # recv: MODIFY WAYPOINT eeeeeeeeeeee0110 bits(02)
                 1000 87000f00 db8299ee f567e68e 00000000                                       .........g......
     # recv: MODIFY GROUP db8299eef567e68e bits(00)

NAVQRY <--54308  0800 0d010f00 71070000                                                         ....q...
     # send: SPACE WAYPOINT 
NAVQRY -->54308  0c00 09000f00 71070000 01000000                                                ....q.......
     # recv: COUNT WAYPOINT number=1

